4299
0 0 1 11
0 11 1 22
0 22 1 33
0 33 1 44
0 44 2 50
0 50 1 61
0 61 1 72
0 72 1 83
0 83 1 94
0 94 1 105
0 105 1 116
0 116 1 127
0 127 1 138
0 138 1 149
0 149 1 160
0 160 1 171
0 171 1 182
0 182 2 188
0 188 1 199
0 199 1 210
0 210 1 221
0 221 1 232
0 232 1 243
0 243 2 249
0 249 11 250
1 0 2 11
1 11 2 22
1 22 2 33
1 33 2 44
1 51 2 62
1 62 2 73
1 73 2 84
1 84 2 95
1 95 2 106
1 106 2 117
1 117 2 128
1 128 3 134
1 134 2 145
1 145 2 156
1 156 2 167
1 167 2 178
1 178 4 182
1 188 4 192
1 192 5 195
1 195 7 197
1 197 7 199
1 199 2 210
1 210 3 216
1 216 2 227
1 227 2 238
1 238 3 243
2 0 4 6
2 6 6 9
2 9 3 20
2 20 3 31
2 31 4 37
2 37 3 48
2 48 4 54
2 54 3 65
2 65 5 69
2 69 3 80
2 80 3 91
2 91 3 102
2 102 3 113
2 113 4 119
2 119 4 125
2 125 6 128
2 134 3 145
2 145 3 156
2 156 3 167
2 167 3 178
2 182 4 188
2 199 3 210
2 216 3 227
2 227 3 238
2 243 4 249
3 9 4 20
3 20 4 31
3 37 4 48
3 54 4 65
3 70 5 76
3 76 4 87
3 87 4 98
3 98 4 109
3 109 6 113
3 128 14 129
3 129 4 140
3 140 4 151
3 151 4 162
3 162 5 168
3 168 5 174
3 174 6 178
3 199 5 205
3 205 4 216
3 216 4 227
3 227 4 238
3 239 9 241
3 241 9 243
4 0 6 6
4 9 5 20
4 20 8 23
4 23 6 29
4 29 6 35
4 35 5 46
4 46 5 57
4 57 7 61
4 61 7 65
4 69 15 70
4 76 6 82
4 82 8 85
4 85 5 96
4 96 6 102
4 102 10 104
4 104 15 105
4 105 15 106
4 106 10 108
4 113 6 119
4 119 6 125
4 129 5 140
4 140 5 151
4 151 5 162
4 178 6 184
4 184 6 190
4 190 10 192
4 205 5 216
4 216 5 227
4 227 5 238
4 243 6 249
5 9 7 15
5 15 7 20
5 35 6 46
5 46 9 49
5 49 16 50
5 50 8 54
5 54 9 57
5 65 8 69
5 70 7 76
5 85 6 96
5 129 6 140
5 140 6 151
5 151 6 162
5 162 6 173
5 173 16 174
5 192 9 195
5 199 6 210
5 210 6 221
5 221 6 232
5 232 7 238
6 0 7 9
6 23 8 29
6 29 7 40
6 40 8 46
6 76 8 82
6 85 7 96
6 96 9 100
6 100 12 102
6 108 7 119
6 119 8 125
6 125 10 128
6 129 7 140
6 140 8 146
6 146 7 157
6 157 7 168
6 168 9 172
6 172 17 173
6 174 7 185
6 185 8 190
6 199 7 210
6 210 8 216
6 216 8 222
6 222 9 226
6 226 8 232
6 243 8 249
7 0 8 11
7 11 8 20
7 29 8 40
7 57 8 65
7 70 9 76
7 85 8 96
7 108 8 119
7 129 8 140
7 146 8 157
7 157 8 168
7 174 8 185
7 195 8 206
7 206 11 209
7 209 18 210
7 232 9 238
8 0 9 11
8 11 9 22
8 22 9 33
8 33 9 44
8 44 14 46
8 50 11 54
8 57 9 68
8 68 19 69
8 76 10 82
8 82 9 93
8 93 12 96
8 108 9 119
8 119 10 125
8 129 9 140
8 140 9 151
8 151 9 162
8 162 10 168
8 174 9 185
8 185 10 190
8 195 9 206
8 210 9 221
8 221 19 222
8 226 11 230
8 230 14 232
8 238 19 239
8 243 10 249
9 0 11 6
9 6 10 17
9 17 10 28
9 28 10 39
9 39 11 44
9 46 13 49
9 54 10 65
9 65 13 68
9 70 11 76
9 82 10 93
9 96 12 100
9 108 10 119
9 129 10 140
9 140 12 144
9 144 13 147
9 147 10 158
9 158 12 162
9 168 12 172
9 174 10 185
9 192 10 203
9 203 13 206
9 210 10 221
9 222 12 226
9 232 11 238
9 239 12 243
10 6 11 17
10 17 11 28
10 28 11 39
10 54 11 65
10 76 11 87
10 87 12 93
10 102 21 103
10 106 12 112
10 112 11 123
10 123 13 127
10 127 21 128
10 129 11 140
10 147 11 158
10 162 12 168
10 174 11 185
10 185 11 196
10 196 12 202
10 210 11 221
10 243 12 249
11 0 12 11
11 11 12 22
11 22 12 33
11 33 12 44
11 50 12 61
11 61 14 65
11 70 12 81
11 81 22 82
11 84 22 85
11 85 17 87
11 112 12 123
11 129 12 140
11 147 13 153
11 153 13 158
11 174 12 185
11 185 12 196
11 206 15 209
11 210 13 216
11 216 13 221
11 226 14 230
11 232 13 238
11 249 17 251
12 0 13 11
12 11 13 22
12 22 13 33
12 33 13 44
12 50 14 56
12 56 15 60
12 60 23 61
12 70 13 81
12 82 18 84
12 87 13 98
12 98 16 101
12 101 23 102
12 106 13 117
12 117 14 123
12 129 13 140
12 140 15 144
12 158 23 159
12 159 16 162
12 162 13 172
12 174 13 185
12 185 13 196
12 196 15 200
12 200 16 203
12 222 15 226
12 239 14 245
12 245 16 248
12 248 23 249
13 0 14 11
13 11 15 17
13 17 14 28
13 28 15 34
13 34 14 44
13 46 17 49
13 65 17 68
13 70 15 76
13 76 19 78
13 79 19 81
13 87 14 98
13 106 14 117
13 123 16 127
13 129 14 140
13 144 15 150
13 150 15 156
13 156 19 158
13 162 15 168
13 168 16 172
13 174 14 185
13 185 14 196
13 203 17 206
13 210 14 221
13 232 15 238
14 0 15 11
14 17 15 28
14 34 15 45
14 50 16 56
14 61 17 65
14 87 15 98
14 103 25 104
14 106 15 117
14 117 16 123
14 128 15 139
14 174 15 185
14 185 15 196
14 210 16 216
14 216 16 221
14 226 16 232
14 239 16 245
15 0 16 11
15 11 16 22
15 22 16 33
15 33 16 44
15 44 26 45
15 56 18 60
15 69 17 75
15 87 16 98
15 104 16 115
15 115 21 117
15 128 16 139
15 139 17 145
15 145 16 156
15 162 17 168
15 174 16 185
15 185 17 191
15 191 17 197
15 197 19 200
15 206 21 208
15 222 18 226
15 232 17 238
16 0 17 11
16 11 17 22
16 22 17 33
16 33 17 44
16 49 18 55
16 55 27 56
16 78 27 79
16 87 17 98
16 98 27 99
16 99 22 101
16 104 17 115
16 117 18 123
16 123 19 127
16 128 20 131
16 131 19 135
16 135 22 137
16 137 22 139
16 145 17 156
16 159 20 162
16 168 19 172
16 173 17 184
16 200 20 203
16 208 27 209
16 210 17 221
16 226 19 230
16 230 27 231
16 239 18 245
16 245 20 248
17 0 18 11
17 11 18 22
17 22 18 33
17 33 19 39
17 39 19 44
17 45 20 49
17 61 19 67
17 67 28 68
17 69 21 72
17 72 20 76
17 85 19 91
17 91 19 97
17 104 19 110
17 110 20 114
17 114 28 115
17 139 18 150
17 150 19 156
17 162 19 168
17 172 18 183
17 183 18 194
17 194 21 197
17 203 23 205
17 205 28 206
17 210 19 216
17 216 19 221
17 231 19 237
17 249 28 250
18 0 19 11
18 11 19 22
18 22 19 33
18 49 20 55
18 56 21 60
18 82 24 84
18 97 29 98
18 117 21 121
18 121 24 123
18 139 19 150
18 172 19 183
18 183 19 194
18 222 21 226
18 239 20 245
19 0 21 6
19 6 21 12
19 12 21 18
19 18 20 29
19 29 20 40
19 40 22 44
19 61 23 64
19 64 23 67
19 76 25 78
19 79 25 81
19 85 20 96
19 96 30 97
19 104 21 110
19 123 22 127
19 131 22 135
19 139 20 150
19 150 20 158
19 162 20 173
19 173 20 184
19 184 20 194
19 197 23 200
19 209 20 220
19 220 25 222
19 226 22 230
19 231 21 237
19 237 25 239
20 18 21 29
20 29 21 40
20 45 21 55
20 72 24 75
20 75 31 76
20 85 22 91
20 91 22 96
20 110 23 114
20 128 24 131
20 139 21 150
20 150 24 153
20 153 23 157
20 157 31 158
20 159 21 170
20 170 21 181
20 181 21 192
20 192 26 194
20 200 24 203
20 209 21 220
20 239 22 245
20 245 24 248
21 0 22 11
21 11 22 22
21 22 22 33
21 33 23 39
21 39 32 40
21 45 23 51
21 51 24 55
21 56 24 60
21 68 24 72
21 102 32 103
21 104 23 110
21 115 23 121
21 127 32 128
21 139 22 150
21 159 22 170
21 170 23 176
21 176 22 187
21 187 23 192
21 194 25 197
21 206 27 208
21 209 22 220
21 222 24 226
21 231 23 237
22 0 23 11
22 11 23 22
22 22 23 33
22 40 25 44
22 84 23 95
22 95 33 96
22 99 28 101
22 123 28 125
22 125 28 127
22 131 23 142
22 142 23 150
22 159 23 170
22 176 23 187
22 209 23 220
22 226 25 230
22 239 24 245
23 0 24 11
23 11 24 22
23 22 24 33
23 33 25 39
23 45 26 49
23 49 29 51
23 60 25 66
23 66 34 67
23 84 24 95
23 101 34 102
23 104 24 114
23 115 25 121
23 131 24 142
23 142 24 150
23 153 26 157
23 158 24 169
23 169 24 180
23 180 24 191
23 191 34 192
23 197 34 198
23 198 29 200
23 203 34 204
23 209 24 220
23 231 25 237
23 248 34 249
24 0 25 11
24 11 26 17
24 17 25 28
24 29 27 33
24 51 27 55
24 56 27 60
24 68 26 74
24 74 35 75
24 81 25 92
24 92 28 95
24 104 26 110
24 110 27 114
24 121 35 122
24 128 25 139
24 139 25 150
24 150 28 153
24 158 25 169
24 169 26 175
24 175 25 186
24 186 26 191
24 200 28 203
24 209 25 220
24 222 27 226
24 239 25 248
25 0 26 11
25 17 26 28
25 28 36 29
25 33 27 39
25 40 28 44
25 60 27 66
25 76 31 78
25 79 26 90
25 90 31 92
25 103 36 104
25 115 27 121
25 128 26 139
25 139 26 150
25 158 26 169
25 175 26 186
25 194 29 197
25 209 26 220
25 220 31 222
25 226 28 230
25 231 27 237
25 237 26 248
26 0 27 11
26 11 27 22
26 22 28 28
26 44 28 49
26 68 29 72
26 72 32 74
26 79 27 90
26 104 28 110
26 128 27 139
26 139 27 150
26 153 29 157
26 158 27 169
26 169 28 175
26 175 27 186
26 186 28 191
26 192 32 194
26 209 28 215
26 215 29 219
26 219 37 220
26 237 27 248
27 0 28 11
27 11 28 22
27 29 29 35
27 35 30 39
27 51 29 57
27 57 31 60
27 60 29 66
27 78 28 89
27 89 38 90
27 98 38 99
27 110 30 114
27 115 33 117
27 117 30 121
27 122 38 123
27 128 28 139
27 139 28 150
27 158 28 169
27 175 28 186
27 206 31 209
27 222 30 226
27 230 29 236
27 236 30 240
27 240 29 246
27 246 33 248
28 0 29 11
28 11 29 22
28 22 30 28
28 40 30 46
28 46 32 49
28 67 39 68
28 78 31 82
28 82 30 88
28 88 39 89
28 92 32 95
28 99 34 101
28 104 30 110
28 114 39 115
28 124 34 126
28 128 30 134
28 134 32 137
28 137 29 148
28 148 31 152
28 152 39 153
28 158 29 169
28 169 29 180
28 180 29 191
28 200 32 203
28 204 34 206
28 209 31 213
28 213 34 215
28 226 31 230
28 249 39 250
29 0 30 11
29 11 30 22
29 29 31 35
29 49 31 55
29 55 35 57
29 60 31 66
29 68 32 72
29 97 40 98
29 123 40 124
29 137 30 148
29 153 32 157
29 158 30 169
29 169 30 180
29 180 32 184
29 184 31 190
29 190 40 191
29 194 33 197
29 198 40 199
29 215 32 219
29 230 31 236
29 240 33 243
29 243 35 245
29 245 40 246
30 0 31 11
30 11 31 22
30 22 32 28
30 35 33 39
30 40 32 46
30 82 32 88
30 104 32 110
30 110 33 114
30 117 33 121
30 126 41 127
30 128 32 134
30 137 31 148
30 158 31 169
30 169 31 180
30 222 33 226
30 236 33 240
31 0 32 11
31 11 32 22
31 29 33 35
31 49 37 51
31 51 34 55
31 57 32 66
31 75 34 79
31 79 35 82
31 90 37 92
31 96 42 97
31 137 33 143
31 143 32 152
31 157 32 168
31 168 32 179
31 179 42 180
31 184 33 190
31 206 33 212
31 220 37 222
31 226 32 236
32 0 33 11
32 11 33 22
32 22 34 28
32 39 33 49
32 57 33 66
32 68 34 74
32 82 34 88
32 92 36 95
32 102 43 103
32 104 34 110
32 127 33 137
32 143 34 149
32 149 36 152
32 153 33 164
32 164 33 175
32 175 35 179
32 180 35 184
32 192 38 194
32 199 35 203
32 215 35 219
32 226 33 236
33 0 34 11
33 11 34 22
33 29 35 35
33 35 34 46
33 46 37 49
33 57 35 63
33 63 37 66
33 95 44 96
33 110 37 113
33 115 35 121
33 127 35 133
33 133 37 136
33 136 35 142
33 142 44 143
33 153 35 159
33 159 36 163
33 163 34 174
33 174 44 175
33 184 35 190
33 194 37 197
33 206 37 209
33 209 36 213
33 222 34 233
33 233 34 243
33 246 39 248
34 0 37 4
34 4 37 8
34 8 36 14
34 14 36 20
34 20 38 23
34 23 36 28
34 35 35 46
34 51 37 55
34 66 45 67
34 68 38 71
34 71 38 74
34 75 37 79
34 82 36 88
34 99 38 102
34 104 36 110
34 124 40 126
34 143 36 149
34 163 37 167
34 167 36 173
34 173 45 174
34 191 45 192
34 197 45 198
34 203 38 206
34 213 40 215
34 222 36 228
34 228 36 234
34 234 35 243
34 248 45 249
35 29 37 35
35 35 36 46
35 55 37 61
35 61 46 62
35 74 46 75
35 79 39 82
35 115 37 121
35 121 46 122
35 127 37 133
35 136 37 142
35 153 37 159
35 175 38 179
35 180 38 184
35 184 38 188
35 188 41 190
35 199 39 202
35 202 46 203
35 215 38 219
35 234 36 245
36 8 40 11
36 11 39 15
36 15 39 19
36 23 39 27
36 27 42 29
36 35 37 46
36 62 47 63
36 84 40 87
36 87 47 88
36 92 40 95
36 103 39 107
36 107 40 110
36 143 37 152
36 160 40 163
36 167 38 173
36 209 39 213
36 222 42 224
36 224 47 225
36 225 37 236
36 236 37 245
37 0 39 6
37 6 43 8
37 29 38 40
37 40 38 51
37 51 39 57
37 57 40 61
37 63 43 65
37 65 48 66
37 75 40 79
37 90 43 92
37 110 40 114
37 115 43 117
37 118 41 121
37 127 40 131
37 131 38 142
37 143 38 152
37 153 39 159
37 163 40 167
37 194 41 197
37 206 41 209
37 219 41 222
37 225 38 236
37 236 38 245
38 19 41 23
38 29 39 40
38 40 39 51
38 68 40 74
38 82 49 83
38 98 41 102
38 117 49 118
38 122 49 123
38 131 39 142
38 143 40 149
38 149 42 152
38 167 41 171
38 171 44 173
38 175 41 179
38 180 40 186
38 186 44 188
38 192 44 194
38 203 42 206
38 215 41 219
38 225 40 231
38 231 39 242
38 242 42 245
39 0 41 6
39 11 40 19
39 23 42 27
39 29 41 35
39 35 42 39
39 39 40 50
39 50 41 56
39 67 50 68
39 79 43 82
39 83 50 84
39 88 45 90
39 103 42 107
39 114 50 115
39 131 40 142
39 152 41 158
39 158 45 160
39 199 43 202
39 209 43 212
39 231 41 237
39 237 42 241
39 241 50 242
39 246 45 248
40 8 41 19
40 39 41 50
40 56 43 60
40 60 51 61
40 68 42 74
40 75 43 79
40 84 44 87
40 92 44 95
40 107 42 113
40 113 51 114
40 123 44 126
40 127 41 138
40 138 43 142
40 144 43 148
40 148 51 149
40 160 42 166
40 166 51 167
40 180 42 186
40 190 51 191
40 198 51 199
40 212 44 215
40 225 42 231
40 245 51 246
40 249 46 251
41 0 43 6
41 8 42 19
41 19 44 23
41 29 43 35
41 39 42 50
41 50 43 56
41 97 43 102
41 119 47 121
41 126 43 132
41 132 43 138
41 152 43 158
41 167 44 171
41 175 44 179
41 188 52 189
41 189 52 190
41 194 45 197
41 206 45 209
41 215 43 221
41 231 43 237
42 8 45 12
42 12 44 18
42 18 53 19
42 23 44 29
42 35 44 41
42 41 44 47
42 47 46 50
42 68 44 74
42 96 53 97
42 103 43 113
42 150 48 152
42 160 44 166
42 179 44 185
42 185 53 186
42 203 53 204
42 204 48 206
42 221 46 224
42 225 44 231
42 237 48 239
42 239 48 241
42 242 46 245
43 0 45 6
43 6 49 8
43 29 45 35
43 50 44 60
43 63 49 65
43 75 45 81
43 81 54 82
43 90 49 92
43 97 44 108
43 108 46 112
43 112 54 113
43 115 49 117
43 126 44 137
43 137 54 138
43 138 46 142
43 143 45 148
43 149 54 150
43 152 45 158
43 199 47 202
43 209 47 212
43 215 49 217
43 218 49 220
43 220 54 221
43 231 45 237
44 12 46 18
44 19 45 29
44 35 45 46
44 46 55 47
44 50 45 60
44 68 46 74
44 84 48 87
44 92 47 96
44 97 45 108
44 118 55 119
44 123 45 134
44 134 55 135
44 136 55 137
44 142 55 143
44 160 46 166
44 167 46 173
44 174 46 180
44 180 47 184
44 184 55 185
44 186 50 188
44 192 50 194
44 212 48 215
44 225 46 231
45 0 47 6
45 8 48 12
45 19 46 30
45 30 46 41
45 41 48 45
45 50 46 60
45 66 56 67
45 75 47 81
45 88 51 90
45 97 46 108
45 123 46 134
45 143 48 147
45 147 56 148
45 152 46 160
45 191 56 192
45 194 48 198
45 206 49 209
45 231 47 237
45 246 49 249
46 12 48 18
46 19 47 30
46 30 47 41
46 47 48 53
46 53 48 59
46 59 57 60
46 61 57 62
46 68 48 74
46 74 57 75
46 97 48 103
46 103 49 107
46 108 49 112
46 123 47 134
46 138 49 142
46 152 47 163
46 163 50 166
46 167 47 178
46 178 52 180
46 221 50 224
46 225 48 231
46 242 57 243
46 249 50 252
47 0 49 6
47 19 48 30
47 30 49 36
47 36 50 40
47 40 58 41
47 62 58 63
47 75 49 81
47 87 58 88
47 92 50 96
47 107 58 108
47 119 51 122
47 123 48 134
47 152 48 163
47 167 48 178
47 180 50 184
47 199 50 203
47 210 53 212
47 217 58 218
47 224 58 225
47 231 49 237
47 244 58 245
48 8 50 14
48 14 51 18
48 19 49 30
48 41 51 45
48 47 49 58
48 68 51 72
48 72 54 74
48 84 52 87
48 97 50 103
48 123 49 134
48 135 59 136
48 143 51 147
48 150 49 161
48 161 54 163
48 167 49 178
48 194 51 198
48 204 54 206
48 212 52 215
48 225 50 231
48 237 51 241
49 0 50 8
49 19 50 30
49 30 51 36
49 47 51 53
49 53 60 54
49 54 52 58
49 63 53 66
49 75 51 81
49 90 55 92
49 103 52 107
49 108 52 112
49 115 53 118
49 122 50 133
49 133 60 134
49 138 52 142
49 150 50 161
49 167 50 178
49 206 52 210
49 215 55 217
49 218 55 220
49 231 51 237
49 246 55 248
49 248 60 249
50 0 51 11
50 11 56 13
50 13 61 14
50 19 51 30
50 36 53 40
50 67 61 68
50 82 56 84
50 92 53 96
50 97 53 101
50 122 52 128
50 128 53 132
50 150 51 161
50 163 54 166
50 167 51 178
50 180 53 184
50 186 56 188
50 192 56 194
50 199 53 203
50 221 54 224
50 225 52 231
50 241 61 242
50 249 61 250
51 0 52 11
51 14 54 18
51 19 52 30
51 30 53 36
51 41 53 46
51 47 53 53
51 58 62 59
51 60 62 61
51 68 57 70
51 70 57 72
51 75 53 81
51 88 57 90
51 101 62 102
51 102 62 103
51 113 62 114
51 119 55 122
51 143 54 147
51 148 62 149
51 150 55 153
51 153 57 155
51 155 55 158
51 158 55 161
51 166 52 177
51 177 62 178
51 194 53 199
51 231 53 237
52 0 53 11
52 19 54 25
52 25 54 30
52 54 55 58
52 84 56 87
52 103 55 107
52 108 56 111
52 111 63 112
52 114 63 115
52 122 54 128
52 138 55 142
52 166 53 177
52 178 58 180
52 188 58 190
52 206 55 210
52 212 56 215
52 225 54 231
52 237 58 239
52 239 63 240
53 0 54 11
53 30 54 40
53 41 55 46
53 47 55 53
53 63 64 64
53 64 59 66
53 75 55 81
53 92 54 101
53 115 57 118
53 128 55 133
53 166 55 172
53 172 55 177
53 180 56 184
53 185 64 186
53 194 55 200
53 200 56 204
53 210 64 211
53 211 64 212
53 231 55 237
54 0 55 11
54 14 55 25
54 25 55 36
54 36 57 40
54 72 60 74
54 92 56 98
54 98 58 101
54 112 65 113
54 122 56 128
54 137 65 138
54 143 57 147
54 149 65 150
54 161 56 166
54 204 60 206
54 220 57 224
54 225 56 231
55 0 56 11
55 14 56 25
55 25 56 36
55 41 57 47
55 47 61 49
55 49 59 52
55 52 66 53
55 54 58 58
55 75 57 81
55 90 61 92
55 103 58 107
55 118 58 122
55 128 57 133
55 134 66 135
55 136 66 137
55 138 58 142
55 150 59 153
55 155 57 161
55 166 56 177
55 184 66 185
55 194 57 200
55 206 58 210
55 215 66 216
55 218 61 220
55 231 57 237
55 240 66 241
55 245 59 248
56 0 57 11
56 11 62 13
56 14 57 25
56 25 60 28
56 28 58 34
56 34 62 36
56 66 67 67
56 81 58 87
56 92 58 98
56 108 60 111
56 122 58 128
56 142 67 143
56 147 67 148
56 161 57 172
56 172 59 176
56 176 67 177
56 180 59 184
56 186 67 187
56 190 59 194
56 200 59 204
56 212 60 215
56 225 58 231
57 0 58 11
57 14 58 25
57 36 60 40
57 41 59 47
57 61 68 62
57 68 61 71
57 71 68 72
57 74 59 80
57 80 68 81
57 88 63 90
57 117 68 118
57 128 59 133
57 143 60 147
57 153 58 164
57 164 58 172
57 194 59 200
57 216 68 217
57 220 60 224
57 231 59 237
57 242 63 244
58 0 59 11
58 14 60 20
58 20 60 25
58 28 60 34
58 40 69 41
58 54 64 56
58 56 64 58
58 81 61 85
58 85 62 88
58 92 59 101
58 103 60 108
58 118 59 128
58 138 62 141
58 153 59 164
58 164 64 166
58 166 61 170
58 170 64 172
58 178 64 180
58 187 62 190
58 206 61 210
58 217 69 218
58 224 60 230
58 230 69 231
58 237 64 239
58 244 69 245
59 0 60 11
59 41 65 43
59 43 63 46
59 46 70 47
59 49 63 52
59 62 70 63
59 64 65 66
59 74 61 80
59 92 60 101
59 118 60 129
59 129 62 133
59 135 70 136
59 150 61 156
59 156 61 162
59 162 65 164
59 172 62 176
59 180 62 184
59 190 60 201
59 201 65 203
59 203 70 204
59 231 61 237
59 245 63 248
60 0 62 6
60 6 63 10
60 14 61 25
60 25 63 29
60 29 63 33
60 33 71 34
60 36 64 39
60 72 66 74
60 92 62 98
60 98 64 101
60 103 61 111
60 118 66 120
60 120 62 126
60 126 64 129
60 133 71 134
60 141 71 142
60 143 64 146
60 146 71 147
60 190 61 201
60 204 71 205
60 205 71 206
60 212 66 214
60 214 71 215
60 220 61 230
60 248 71 249
61 13 62 24
61 24 72 25
61 39 72 40
61 47 67 49
61 59 72 60
61 67 64 71
61 74 63 80
61 81 64 85
61 90 67 92
61 103 63 109
61 109 67 111
61 150 62 161
61 161 72 162
61 166 65 169
61 169 72 170
61 190 62 201
61 206 64 210
61 218 62 229
61 229 72 230
61 231 63 237
61 241 72 242
61 249 67 251
62 0 64 6
62 10 63 21
62 21 66 24
62 34 68 36
62 85 66 88
62 92 64 98
62 101 68 103
62 113 73 114
62 120 64 126
62 129 66 132
62 138 66 141
62 148 73 149
62 150 63 161
62 172 65 176
62 177 73 178
62 180 65 184
62 187 63 198
62 198 66 201
62 218 63 229
63 6 65 12
63 12 64 21
63 25 67 28
63 28 65 33
63 43 67 46
63 49 67 52
63 74 65 80
63 88 69 90
63 103 65 109
63 111 74 112
63 114 67 117
63 132 74 133
63 150 64 161
63 187 64 198
63 218 64 229
63 231 65 237
63 242 69 244
63 245 67 248
64 0 66 6
64 12 68 15
64 15 70 17
64 17 67 21
64 36 68 39
64 53 66 59
64 63 75 64
64 67 68 70
64 70 75 71
64 81 70 83
64 83 70 85
64 92 65 101
64 120 66 126
64 126 68 129
64 143 68 146
64 150 65 161
64 164 70 166
64 170 70 172
64 178 70 180
64 185 75 186
64 187 65 198
64 206 66 212
64 218 65 229
64 237 70 239
65 6 67 12
65 28 67 33
65 41 71 43
65 64 71 66
65 74 67 80
65 92 66 101
65 103 67 109
65 112 76 113
65 137 76 138
65 149 66 160
65 160 76 161
65 162 71 164
65 166 69 169
65 172 68 176
65 180 68 184
65 187 66 198
65 201 71 203
65 218 68 222
65 222 68 226
65 226 69 229
65 231 67 237
66 0 68 6
66 21 70 24
66 52 68 58
66 72 72 74
66 85 70 88
66 92 68 98
66 98 72 100
66 118 70 121
66 121 68 126
66 129 70 132
66 138 70 141
66 149 67 160
66 184 77 185
66 187 67 198
66 198 72 200
66 206 67 214
66 215 77 216
67 6 69 12
67 17 71 20
67 20 78 21
67 25 68 33
67 43 71 46
67 47 70 51
67 51 78 52
67 66 78 67
67 74 70 78
67 78 73 80
67 90 73 92
67 100 78 101
67 103 69 109
67 109 73 111
67 114 71 117
67 142 78 143
67 147 78 148
67 149 68 160
67 176 78 177
67 186 68 197
67 197 78 198
67 206 68 214
67 231 70 235
67 235 78 236
67 245 71 248
67 249 78 250
68 0 70 6
68 12 72 15
68 25 70 31
68 31 74 33
68 34 70 39
68 52 70 58
68 58 79 59
68 60 74 62
68 67 72 70
68 71 79 72
68 92 71 96
68 96 74 98
68 101 74 103
68 121 70 127
68 127 74 129
68 143 72 146
68 149 69 160
68 172 71 176
68 180 71 184
68 186 69 197
68 200 79 201
68 206 70 212
68 212 74 214
68 216 79 217
68 218 70 224
68 224 74 226
68 236 79 237
68 239 74 241
69 6 71 12
69 40 80 41
69 80 80 81
69 88 75 90
69 103 71 109
69 136 80 137
69 149 70 160
69 166 73 169
69 186 70 197
69 217 80 218
69 226 73 229
69 230 80 231
69 242 73 245
70 0 72 6
70 15 76 17
70 21 74 24
70 25 72 31
70 34 72 39
70 47 73 51
70 52 72 58
70 62 81 63
70 74 73 78
70 81 72 87
70 87 81 88
70 117 73 121
70 121 72 127
70 129 74 132
70 134 76 136
70 138 76 140
70 149 71 160
70 165 81 166
70 170 76 172
70 178 76 180
70 186 71 197
70 203 81 204
70 206 72 212
70 218 72 224
70 231 81 232
70 232 81 233
70 233 81 234
70 234 81 235
70 237 76 239
71 6 73 12
71 17 75 20
71 33 82 34
71 41 73 47
71 64 77 66
71 92 74 96
71 103 73 109
71 114 75 117
71 140 77 142
71 149 73 155
71 156 82 157
71 157 82 158
71 158 82 159
71 159 82 160
71 162 75 165
71 172 74 176
71 180 74 184
71 186 72 197
71 201 77 203
71 204 77 206
71 214 82 215
71 245 74 249
72 0 74 6
72 12 76 15
72 24 74 30
72 30 83 31
72 34 74 40
72 52 75 56
72 56 78 58
72 59 83 60
72 67 76 70
72 72 78 74
72 81 74 87
72 98 78 100
72 121 74 127
72 133 83 134
72 143 75 147
72 161 83 162
72 169 83 170
72 186 73 197
72 198 78 200
72 206 74 212
72 218 74 224
72 229 83 230
73 6 75 12
73 41 75 47
73 47 76 51
73 74 75 80
73 90 79 92
73 103 74 111
73 118 84 119
73 148 75 154
73 166 77 169
73 186 74 197
73 226 77 229
73 241 76 245
74 0 76 6
74 21 75 30
74 31 80 33
74 34 76 40
74 60 80 62
74 81 76 87
74 92 77 96
74 96 80 98
74 101 75 112
74 119 75 130
74 130 78 133
74 154 80 156
74 172 77 176
74 177 85 178
74 180 77 184
74 186 78 189
74 189 76 195
74 195 80 197
74 206 75 214
74 218 76 224
74 224 80 226
74 245 77 249
75 6 77 12
75 17 79 20
75 21 77 27
75 27 81 29
75 29 86 30
75 41 77 47
75 52 78 56
75 63 86 64
75 74 77 80
75 88 86 89
75 89 86 90
75 101 77 107
75 107 78 111
75 113 77 118
75 119 76 130
75 143 78 147
75 148 77 154
75 162 79 165
75 185 86 186
75 206 77 212
75 212 81 214
76 0 78 6
76 12 78 17
76 34 78 40
76 48 80 51
76 67 79 71
76 81 79 85
76 85 82 87
76 111 82 113
76 119 80 122
76 123 78 129
76 134 82 136
76 137 80 140
76 160 87 161
76 170 82 172
76 178 82 180
76 189 78 195
76 218 78 224
76 237 78 243
76 243 82 245
77 6 79 12
77 21 79 27
77 41 79 47
77 64 83 66
77 74 79 80
77 92 80 96
77 101 79 107
77 114 81 117
77 122 88 123
77 129 88 130
77 140 83 142
77 148 83 150
77 150 83 152
77 152 83 154
77 166 81 169
77 172 80 176
77 180 79 185
77 201 83 203
77 204 78 212
77 215 88 216
77 226 81 229
77 245 80 249
78 0 81 4
78 4 84 6
78 13 81 17
78 20 89 21
78 34 80 40
78 47 89 48
78 51 80 57
78 57 89 58
78 66 89 67
78 72 84 74
78 98 82 101
78 107 81 111
78 123 80 129
78 130 82 133
78 142 80 148
78 176 89 177
78 186 79 195
78 197 84 199
78 204 79 212
78 218 80 224
78 235 89 236
78 237 80 243
78 249 89 250
79 6 81 12
79 17 83 20
79 21 81 27
79 41 81 47
79 58 90 59
79 67 81 72
79 74 81 80
79 81 82 85
79 90 85 92
79 101 81 107
79 162 83 165
79 180 81 185
79 186 80 195
79 199 90 200
79 204 81 210
79 210 85 212
79 216 90 217
79 236 90 237
80 31 86 33
80 34 82 40
80 40 91 41
80 48 81 57
80 60 86 62
80 92 82 98
80 117 91 118
80 119 91 120
80 121 91 122
80 123 86 125
80 125 83 129
80 136 83 140
80 142 82 148
80 154 86 156
80 172 83 176
80 186 81 197
80 200 91 201
80 217 83 221
80 221 86 223
80 223 84 226
80 230 91 231
80 237 86 239
80 239 83 243
80 245 83 249
81 0 84 4
81 6 82 17
81 21 83 27
81 27 87 29
81 41 83 47
81 48 83 54
81 54 85 57
81 62 92 63
81 67 83 72
81 74 84 78
81 78 85 81
81 87 92 88
81 101 82 111
81 113 84 117
81 165 84 169
81 180 87 182
81 182 85 185
81 186 82 197
81 203 83 209
81 209 92 210
81 212 87 214
81 226 85 229
81 231 84 235
82 6 83 17
82 33 84 39
82 39 93 40
82 81 84 87
82 92 83 103
82 103 84 109
82 109 88 111
82 111 93 112
82 112 93 113
82 130 86 133
82 134 88 136
82 142 84 148
82 156 85 160
82 170 88 172
82 178 88 180
82 186 83 197
82 214 93 215
82 243 88 245
83 6 84 17
83 17 87 20
83 21 85 27
83 30 94 31
83 41 87 44
83 44 94 45
83 48 85 54
83 59 94 60
83 64 89 66
83 67 86 71
83 71 94 72
83 92 84 103
83 125 86 129
83 133 94 134
83 136 86 140
83 140 89 142
83 148 89 150
83 150 86 154
83 161 86 165
83 169 94 170
83 172 86 176
83 186 84 197
83 201 85 207
83 207 89 209
83 217 86 221
83 229 94 230
83 239 86 243
83 245 86 249
84 0 86 6
84 6 85 17
84 33 86 39
84 46 95 47
84 72 86 78
84 81 86 87
84 92 85 103
84 103 86 109
84 113 87 117
84 118 95 119
84 142 87 146
84 146 90 148
84 165 87 169
84 186 85 197
84 197 90 199
84 223 90 225
84 225 95 226
84 231 87 235
85 6 87 12
85 12 87 17
85 21 87 27
85 45 96 46
85 48 87 54
85 54 89 57
85 78 89 81
85 90 86 101
85 101 91 103
85 156 88 160
85 177 96 178
85 182 89 185
85 186 86 197
85 201 87 207
85 210 91 212
85 226 89 229
86 0 88 6
86 29 97 30
86 31 87 39
86 60 92 62
86 63 97 64
86 67 89 71
86 72 88 78
86 81 88 87
86 88 87 99
86 99 92 101
86 103 88 109
86 120 97 121
86 123 92 125
86 125 89 129
86 130 90 133
86 136 89 140
86 150 88 156
86 161 89 165
86 172 89 176
86 185 87 196
86 217 88 223
86 237 88 243
86 245 89 249
87 6 88 17
87 18 98 19
87 19 98 20
87 21 89 27
87 27 93 29
87 31 89 37
87 37 93 39
87 41 91 44
87 48 89 54
87 88 88 99
87 113 98 114
87 114 93 116
87 116 98 117
87 142 90 146
87 165 90 169
87 180 93 182
87 185 88 196
87 201 89 207
87 212 93 214
87 231 90 235
88 0 89 11
88 11 90 17
88 72 90 78
88 81 90 87
88 88 89 99
88 103 90 109
88 109 94 111
88 122 99 123
88 129 99 130
88 134 94 136
88 150 89 161
88 170 94 172
88 178 94 180
88 185 89 196
88 217 90 223
88 237 90 243
88 243 94 245
89 0 90 11
89 17 100 18
89 20 91 26
89 26 100 27
89 31 91 37
89 47 91 53
89 53 91 58
89 64 91 70
89 78 93 81
89 88 90 99
89 125 92 129
89 136 91 142
89 148 90 159
89 159 91 165
89 172 91 177
89 182 90 193
89 193 95 195
89 195 95 197
89 201 91 207
89 207 100 208
89 208 100 209
89 226 93 229
89 235 100 236
89 245 91 251
90 0 92 6
90 6 91 17
90 70 101 71
90 72 92 78
90 81 92 87
90 88 91 99
90 103 93 107
90 107 101 108
90 130 94 133
90 142 92 148
90 148 91 159
90 165 93 169
90 182 91 193
90 197 94 200
90 215 92 221
90 221 93 225
90 231 93 235
90 236 92 242
90 242 101 243
91 6 92 17
91 20 93 26
91 31 93 37
91 40 94 44
91 47 102 48
91 48 93 54
91 54 94 58
91 64 93 70
91 88 92 99
91 102 102 103
91 108 102 109
91 117 102 118
91 136 93 142
91 148 93 154
91 154 93 160
91 160 94 164
91 164 102 165
91 172 94 176
91 176 102 177
91 182 94 186
91 186 93 192
91 192 102 193
91 200 93 206
91 206 102 207
91 210 97 212
91 230 102 231
91 245 93 251
92 0 93 11
92 11 94 17
92 60 96 63
92 72 94 78
92 81 93 92
92 92 93 102
92 123 94 129
92 142 96 145
92 145 96 148
92 209 103 210
92 215 103 216
92 216 98 218
92 218 98 220
92 236 94 242
93 0 95 6
93 6 96 10
93 10 104 11
93 20 95 26
93 27 99 29
93 31 94 40
93 48 95 54
93 64 95 70
93 78 95 84
93 84 94 95
93 95 95 101
93 101 104 102
93 103 96 107
93 111 99 113
93 114 99 116
93 119 104 120
93 136 95 142
93 148 95 154
93 154 95 160
93 165 96 169
93 180 99 182
93 186 97 189
93 189 104 190
93 190 99 192
93 200 95 206
93 212 97 215
93 220 95 225
93 226 97 229
93 231 96 235
93 245 94 256
94 11 96 17
94 30 96 36
94 36 95 45
94 54 96 60
94 71 96 77
94 77 105 78
94 84 95 95
94 109 105 110
94 123 96 129
94 130 96 136
94 160 97 164
94 169 96 175
94 175 105 176
94 178 100 180
94 182 97 186
94 197 98 200
94 229 105 230
94 236 97 240
94 240 100 242
94 243 96 249
94 249 105 250
95 0 97 6
95 20 97 26
95 36 97 42
95 42 99 45
95 46 106 47
95 48 97 54
95 64 97 70
95 78 96 89
95 89 96 100
95 100 106 101
95 118 106 119
95 136 97 142
95 148 96 159
95 159 106 160
95 193 98 197
95 200 97 206
95 220 97 226
96 6 99 10
96 11 98 17
96 30 98 36
96 45 107 46
96 54 98 60
96 60 100 63
96 71 99 75
96 75 102 77
96 78 97 89
96 89 97 100
96 103 99 107
96 110 107 111
96 123 98 129
96 130 98 136
96 142 97 153
96 153 99 157
96 157 107 158
96 158 107 159
96 165 98 171
96 171 99 175
96 177 107 178
96 231 99 235
96 243 98 249
97 0 103 2
97 2 101 5
97 5 108 6
97 20 99 26
97 29 108 30
97 36 99 42
97 48 99 54
97 63 99 69
97 69 108 70
97 78 98 89
97 89 98 100
97 120 103 122
97 136 98 147
97 147 99 153
97 160 103 162
97 162 103 164
97 182 99 188
97 188 108 189
97 200 99 206
97 210 99 215
97 220 99 226
97 226 101 229
97 236 100 240
98 11 101 15
98 15 109 16
98 18 104 20
98 30 104 32
98 32 104 34
98 34 104 36
98 54 100 60
98 78 99 89
98 89 100 95
98 95 101 99
98 116 109 117
98 123 100 129
98 130 99 141
98 141 100 147
98 165 100 171
98 193 100 199
98 199 109 200
98 216 101 220
98 243 100 249
99 6 102 10
99 20 101 26
99 27 110 28
99 36 100 45
99 48 101 54
99 63 101 69
99 71 110 72
99 72 110 73
99 73 105 75
99 78 101 84
99 84 101 89
99 103 102 107
99 111 102 115
99 115 110 116
99 122 110 123
99 129 101 135
99 135 101 141
99 147 100 157
99 171 102 175
99 180 101 186
99 186 105 188
99 190 105 192
99 200 101 206
99 210 102 214
99 214 110 215
99 220 103 223
99 223 105 225
99 225 110 226
99 231 102 235
100 16 111 17
100 17 111 18
100 26 111 27
100 36 102 42
100 42 106 44
100 44 111 45
100 54 101 63
100 89 102 95
100 123 102 129
100 141 101 152
100 152 102 157
100 165 102 171
100 178 106 180
100 193 102 199
100 207 106 209
100 235 102 241
100 241 111 242
100 243 102 249
101 2 105 5
101 11 104 15
101 20 103 26
101 28 112 29
101 48 102 59
101 59 102 69
101 70 112 71
101 78 102 89
101 95 104 99
101 107 112 108
101 129 102 140
101 140 102 151
101 151 112 152
101 180 103 186
101 200 103 206
101 216 104 220
101 226 105 229
101 242 112 243
102 6 105 10
102 36 104 42
102 47 103 58
102 58 103 69
102 75 108 77
102 78 103 89
102 89 104 95
102 102 106 105
102 105 113 106
102 108 113 109
102 111 105 115
102 117 113 118
102 123 103 134
102 134 103 145
102 145 104 151
102 152 105 156
102 156 113 157
102 164 103 175
102 176 113 177
102 192 104 198
102 210 105 214
102 230 103 241
102 243 104 249
103 0 114 1
103 1 114 2
103 20 105 26
103 47 104 58
103 58 105 64
103 64 107 67
103 68 114 69
103 78 104 89
103 120 109 122
103 123 104 134
103 134 104 145
103 160 104 171
103 171 106 175
103 180 105 186
103 200 105 206
103 206 114 207
103 209 114 210
103 215 114 216
103 220 107 223
103 230 104 241
104 10 106 15
104 18 110 20
104 30 105 41
104 41 115 42
104 47 105 58
104 78 105 89
104 89 105 100
104 101 115 102
104 119 115 120
104 123 105 134
104 134 105 145
104 145 106 151
104 160 105 171
104 189 115 190
104 192 106 198
104 198 115 199
104 216 110 218
104 218 115 219
104 230 105 241
104 243 106 249
105 2 109 5
105 6 108 10
105 20 107 26
105 30 106 41
105 47 106 58
105 58 107 64
105 73 111 75
105 77 106 88
105 88 106 99
105 111 108 115
105 123 106 134
105 134 106 145
105 152 109 155
105 160 107 166
105 166 108 170
105 170 116 171
105 180 106 188
105 190 111 192
105 200 107 206
105 210 108 214
105 223 111 225
105 226 107 232
105 232 106 241
106 10 109 14
106 14 117 15
106 30 107 41
106 42 112 44
106 46 107 57
106 77 107 88
106 88 107 99
106 99 112 101
106 102 112 104
106 123 107 134
106 134 107 145
106 145 109 149
106 149 117 150
106 171 110 174
106 174 112 176
106 178 107 188
106 192 108 198
106 207 117 208
106 208 117 209
106 219 117 220
106 232 108 238
106 239 112 241
106 243 109 247
106 247 117 248
106 248 117 249
107 20 109 26
107 30 108 41
107 45 109 51
107 51 108 62
107 62 109 68
107 77 108 88
107 88 108 99
107 104 118 105
107 109 113 111
107 123 108 134
107 134 108 145
107 157 109 163
107 163 113 165
107 177 108 188
107 200 109 206
107 220 111 223
107 226 109 232
108 5 110 10
108 29 111 33
108 33 111 37
108 37 111 41
108 51 109 62
108 69 119 70
108 75 109 86
108 86 109 97
108 97 114 99
108 106 119 107
108 111 111 115
108 118 119 119
108 123 110 129
108 129 111 133
108 133 111 137
108 137 109 145
108 165 110 170
108 177 109 188
108 188 119 189
108 192 110 198
108 210 111 214
108 232 110 238
109 2 113 5
109 10 112 14
109 15 120 16
109 20 111 26
109 45 110 56
109 56 110 67
109 75 113 78
109 78 111 84
109 84 110 95
109 95 115 97
109 116 120 117
109 120 115 122
109 137 110 148
109 152 112 156
109 157 111 163
109 177 110 188
109 199 111 205
109 205 120 206
109 226 111 232
109 243 112 247
109 249 120 250
110 5 112 10
110 18 116 20
110 27 121 28
110 45 111 56
110 56 111 67
110 71 116 73
110 84 111 95
110 115 121 116
110 122 112 128
110 137 111 148
110 165 113 169
110 169 121 170
110 171 114 174
110 177 111 188
110 192 112 198
110 214 121 215
110 216 116 218
110 225 121 226
110 232 113 236
110 236 116 238
110 238 121 239
111 17 122 18
111 20 114 24
111 24 115 27
111 29 117 31
111 31 114 35
111 35 113 41
111 44 112 55
111 55 112 66
111 66 117 68
111 73 117 75
111 78 112 89
111 89 113 95
111 111 114 115
111 128 112 139
111 139 113 145
111 145 114 149
111 157 113 163
111 177 112 188
111 190 117 192
111 199 113 205
111 210 115 213
111 213 122 214
111 220 113 225
111 226 113 232
111 241 122 242
112 5 114 11
112 11 123 12
112 13 123 14
112 42 113 53
112 53 113 64
112 65 123 66
112 78 113 89
112 99 118 101
112 102 118 104
112 107 123 108
112 122 113 133
112 133 114 139
112 150 114 156
112 174 118 176
112 177 113 188
112 192 118 194
112 194 116 197
112 197 123 198
112 239 118 241
112 242 114 247
113 2 117 5
113 35 115 41
113 42 116 46
113 46 119 48
113 48 115 54
113 54 114 65
113 75 115 81
113 81 114 92
113 92 117 95
113 105 124 106
113 108 117 111
113 117 124 118
113 122 114 133
113 139 119 141
113 141 117 144
113 144 124 145
113 156 115 162
113 162 115 168
113 168 124 169
113 176 114 187
113 187 124 188
113 199 115 205
113 220 116 224
113 224 124 225
113 226 114 236
114 0 120 2
114 5 116 11
114 20 117 24
114 31 117 35
114 54 115 65
114 68 125 69
114 81 115 92
114 97 120 99
114 111 117 115
114 122 115 133
114 133 116 139
114 145 117 149
114 150 116 156
114 171 118 174
114 176 115 187
114 206 125 207
114 209 125 210
114 226 116 232
114 232 117 236
114 242 116 247
115 24 119 27
115 35 117 41
115 48 116 59
115 59 117 65
115 75 118 79
115 79 116 90
115 90 121 92
115 95 121 97
115 101 126 102
115 119 116 130
115 130 119 133
115 156 117 162
115 162 118 166
115 166 121 168
115 176 116 187
115 189 126 190
115 198 117 204
115 204 126 205
115 210 119 213
115 218 126 219
116 5 127 6
116 6 120 9
116 9 122 11
116 18 122 20
116 41 118 46
116 48 117 59
116 70 120 73
116 79 117 90
116 119 117 130
116 133 118 139
116 150 118 156
116 170 127 171
116 176 117 187
116 194 122 196
116 196 127 197
116 216 127 217
116 217 127 218
116 220 119 224
116 226 118 232
116 236 122 238
116 242 120 245
116 245 122 247
117 2 121 5
117 20 120 24
117 28 119 34
117 34 120 38
117 38 121 41
117 48 118 59
117 59 119 65
117 66 123 68
117 73 123 75
117 79 118 90
117 92 121 95
117 108 119 114
117 114 128 115
117 119 118 130
117 141 121 144
117 145 120 149
117 149 128 150
117 156 119 162
117 176 118 187
117 190 123 192
117 198 120 202
117 202 123 204
117 207 123 209
117 215 128 216
117 219 128 220
117 232 120 236
117 247 123 249
118 14 129 15
118 16 129 17
118 41 120 46
118 48 119 59
118 75 119 86
118 86 121 90
118 99 124 101
118 102 122 105
118 119 119 130
118 133 120 139
118 150 120 156
118 162 121 166
118 171 119 182
118 182 120 187
118 192 124 194
118 226 120 232
118 239 124 241
119 24 123 27
119 28 121 34
119 46 120 57
119 57 121 63
119 63 125 65
119 75 120 86
119 106 130 107
119 108 121 114
119 118 120 129
119 129 122 133
119 139 125 141
119 156 121 162
119 171 121 177
119 177 121 182
119 188 130 189
119 210 123 213
119 220 122 224
120 0 126 2
120 6 124 9
120 15 131 16
120 20 123 24
120 34 123 38
120 41 121 52
120 52 124 55
120 55 126 57
120 69 123 73
120 75 121 86
120 97 126 99
120 118 121 129
120 133 122 139
120 145 123 149
120 150 122 156
120 182 122 187
120 198 123 202
120 205 131 206
120 226 121 236
120 242 124 245
120 249 126 251
121 2 125 5
121 27 124 31
121 31 127 33
121 38 122 49
121 49 125 52
121 57 123 63
121 75 123 81
121 81 122 92
121 92 123 97
121 108 123 114
121 115 127 117
121 118 122 129
121 141 125 144
121 156 122 167
121 167 132 168
121 171 122 182
121 214 132 215
121 225 122 236
121 238 132 239
122 9 128 11
122 17 126 20
122 38 123 49
122 81 123 92
122 102 126 105
122 118 123 129
122 129 124 135
122 135 125 139
122 150 123 161
122 161 124 167
122 171 123 182
122 182 125 186
122 186 133 187
122 194 128 196
122 213 133 214
122 220 126 223
122 223 133 224
122 225 123 236
122 236 128 238
122 241 133 242
122 245 128 247
123 11 127 14
123 20 129 22
123 23 129 25
123 26 134 27
123 33 125 39
123 39 124 49
123 57 125 63
123 65 127 68
123 69 124 80
123 80 125 86
123 86 124 97
123 107 125 113
123 113 134 114
123 118 125 124
123 124 126 128
123 145 126 149
123 150 124 161
123 171 124 182
123 190 129 192
123 197 125 203
123 203 134 204
123 207 129 209
123 210 127 213
123 225 124 236
123 248 134 249
124 6 128 9
124 25 135 26
124 27 128 30
124 30 135 31
124 39 127 43
124 43 126 49
124 52 128 55
124 69 128 72
124 72 127 76
124 76 130 78
124 78 130 80
124 86 125 97
124 99 130 101
124 117 135 118
124 128 126 134
124 134 135 135
124 144 135 145
124 150 125 161
124 161 126 167
124 168 130 170
124 171 127 175
124 175 127 179
124 179 128 182
124 187 135 188
124 192 130 194
124 224 125 235
124 235 135 236
124 239 135 240
124 240 135 241
124 242 128 245
125 2 129 5
125 22 136 23
125 33 127 39
125 49 129 52
125 57 127 63
125 63 131 65
125 80 126 91
125 91 127 97
125 107 127 113
125 118 128 122
125 122 131 124
125 135 126 144
125 150 126 161
125 182 128 186
125 197 128 201
125 201 131 203
125 206 136 207
125 209 136 210
125 224 126 235
125 247 136 248
126 0 132 2
126 17 130 20
126 43 128 49
126 55 132 57
126 80 127 91
126 97 132 99
126 101 129 105
126 124 128 130
126 130 129 134
126 135 127 144
126 145 129 149
126 150 127 161
126 161 128 167
126 189 137 190
126 204 137 205
126 218 137 219
126 220 130 223
126 224 128 230
126 230 128 235
126 249 132 251
127 5 138 6
127 11 131 14
127 31 129 37
127 37 129 43
127 57 129 63
127 65 130 69
127 72 130 76
127 80 129 86
127 86 130 90
127 90 129 96
127 96 138 97
127 107 129 113
127 115 133 117
127 135 128 144
127 150 128 161
127 170 128 179
127 196 138 197
127 210 131 213
127 216 133 218
128 6 132 9
128 9 134 11
128 27 132 30
128 43 131 47
128 47 134 49
128 52 132 55
128 69 132 72
128 105 139 106
128 118 131 122
128 124 130 130
128 135 129 144
128 149 129 160
128 160 130 166
128 166 139 167
128 170 129 181
128 181 131 185
128 185 139 186
128 195 139 196
128 197 131 201
128 215 139 216
128 219 139 220
128 224 130 230
128 230 139 231
128 231 131 235
128 236 134 238
128 242 130 247
129 2 133 5
129 14 140 15
129 16 140 17
129 20 135 22
129 23 135 25
129 31 130 42
129 49 133 52
129 57 131 63
129 80 131 86
129 90 131 96
129 101 132 105
129 107 131 113
129 130 132 134
129 135 131 141
129 141 133 144
129 145 132 149
129 149 131 155
129 155 131 160
129 170 130 181
129 190 135 192
129 207 135 209
130 17 134 20
130 31 131 42
130 65 133 69
130 72 136 74
130 74 133 78
130 78 136 80
130 86 133 90
130 99 136 101
130 124 132 130
130 160 132 166
130 168 132 174
130 174 132 180
130 180 141 181
130 188 141 189
130 192 136 194
130 220 134 223
130 224 133 228
130 228 136 230
130 242 133 246
130 246 141 247
131 11 135 14
131 15 142 16
131 31 132 42
131 42 133 47
131 57 133 63
131 63 137 65
131 80 133 86
131 90 133 96
131 106 133 112
131 112 142 113
131 114 142 115
131 118 133 124
131 135 133 141
131 149 132 160
131 181 134 185
131 197 133 203
131 205 142 206
131 210 135 213
131 231 134 235
132 0 138 2
132 6 136 9
132 27 136 30
132 31 133 42
132 52 138 54
132 54 138 56
132 56 143 57
132 69 136 72
132 97 138 99
132 101 135 105
132 124 134 130
132 130 136 133
132 133 143 134
132 145 133 156
132 156 134 162
132 162 135 166
132 167 134 173
132 173 134 179
132 194 143 195
132 214 143 215
132 238 143 239
132 249 143 250
133 2 137 5
133 31 134 42
133 42 135 47
133 49 137 52
133 57 135 63
133 65 136 69
133 74 136 78
133 80 144 81
133 81 135 87
133 87 135 93
133 93 137 96
133 106 135 112
133 115 139 117
133 118 135 124
133 135 135 141
133 141 137 144
133 145 134 156
133 179 144 180
133 186 144 187
133 197 135 203
133 213 144 214
133 216 144 217
133 217 144 218
133 223 135 228
133 241 137 244
134 9 140 11
134 17 140 19
134 19 145 20
134 26 145 27
134 31 135 42
134 47 140 49
134 124 136 130
134 145 135 156
134 156 137 160
134 160 140 162
134 167 140 169
134 169 145 170
134 170 140 172
134 172 138 175
134 175 137 179
134 181 138 184
134 184 145 185
134 203 145 204
134 220 140 222
134 231 137 235
134 236 145 237
134 244 145 245
135 11 141 13
135 20 141 22
135 23 139 26
135 30 137 36
135 36 139 39
135 39 137 45
135 45 141 47
135 57 137 63
135 81 136 92
135 92 146 93
135 101 138 105
135 106 138 110
135 117 137 123
135 123 146 124
135 134 137 140
135 140 146 141
135 144 136 155
135 155 146 156
135 162 138 166
135 187 146 188
135 190 141 192
135 197 137 203
135 207 141 209
135 210 139 213
135 222 137 228
135 235 146 236
135 239 141 241
136 6 140 9
136 13 147 14
136 22 147 23
136 27 140 30
136 65 140 68
136 68 137 79
136 79 147 80
136 81 137 92
136 99 142 101
136 110 142 112
136 113 147 114
136 124 139 128
136 128 138 133
136 144 137 155
136 192 147 193
136 206 147 207
136 209 147 210
136 228 142 230
136 247 142 249
137 2 141 5
137 30 143 32
137 33 141 36
137 39 139 45
137 49 141 52
137 57 138 65
137 68 138 79
137 81 138 92
137 93 141 96
137 117 140 121
137 121 143 123
137 134 139 140
137 141 138 152
137 152 141 155
137 157 141 160
137 175 140 179
137 197 139 203
137 204 148 205
137 218 148 219
137 222 139 228
137 231 140 235
137 241 141 244
138 0 144 2
138 52 142 55
138 55 149 56
138 57 140 63
138 63 144 65
138 68 140 74
138 74 141 78
138 81 139 92
138 96 142 99
138 101 144 103
138 103 149 104
138 104 149 105
138 106 141 110
138 128 141 132
138 132 149 133
138 141 140 147
138 147 142 150
138 151 149 152
138 162 141 166
138 172 142 175
138 181 142 184
138 189 149 190
138 196 149 197
139 23 143 26
139 32 150 33
139 36 140 45
139 81 140 92
139 105 150 106
139 115 145 117
139 124 142 128
139 134 141 140
139 166 150 167
139 193 150 194
139 197 141 203
139 210 150 211
139 212 150 213
139 215 150 216
139 219 150 220
139 222 141 228
139 230 150 231
139 237 150 238
140 5 142 11
140 14 151 15
140 16 144 19
140 27 144 30
140 36 141 45
140 47 146 49
140 57 142 63
140 65 141 74
140 78 151 79
140 81 141 92
140 117 143 121
140 141 142 147
140 160 146 162
140 167 146 169
140 170 146 172
140 175 143 179
140 185 151 186
140 195 151 196
140 211 151 212
140 220 146 222
140 231 143 235
141 2 145 5
141 11 147 13
141 20 147 22
141 33 142 44
141 44 152 45
141 45 152 46
141 46 152 47
141 49 145 52
141 65 143 71
141 71 143 77
141 77 152 78
141 81 142 92
141 93 145 96
141 106 147 108
141 108 147 110
141 128 144 132
141 134 143 140
141 152 145 155
141 156 144 160
141 162 144 166
141 180 152 181
141 188 152 189
141 190 147 192
141 197 143 203
141 207 147 209
141 222 143 228
141 239 143 244
141 245 147 247
142 5 144 11
142 15 153 16
142 33 143 44
142 52 146 55
142 57 144 63
142 81 143 92
142 96 146 99
142 99 148 101
142 110 146 113
142 114 153 115
142 124 148 126
142 141 143 151
142 172 146 175
142 181 146 184
142 205 153 206
142 228 148 230
142 247 148 249
143 23 147 26
143 30 149 32
143 33 144 44
143 56 154 57
143 65 145 71
143 71 145 77
143 81 144 92
143 117 145 123
143 127 154 128
143 133 145 139
143 139 154 140
143 141 144 151
143 175 146 179
143 194 154 195
143 197 145 203
143 214 154 215
143 222 145 228
143 232 147 235
143 238 145 244
143 249 149 251
144 0 150 2
144 5 146 11
144 16 148 19
144 27 148 30
144 33 145 44
144 57 145 65
144 80 147 84
144 84 146 90
144 91 155 92
144 101 150 103
144 128 147 132
144 141 145 151
144 157 148 160
144 162 147 166
144 216 150 218
145 2 149 5
145 19 156 20
145 26 156 27
145 33 146 44
145 49 149 52
145 57 147 63
145 63 147 69
145 69 147 75
145 93 149 96
145 115 147 121
145 121 151 123
145 126 156 127
145 133 147 139
145 141 146 151
145 152 149 155
145 184 156 185
145 197 147 203
145 203 156 204
145 222 147 228
145 238 147 244
146 5 148 11
146 33 147 44
146 47 152 49
146 52 150 55
146 84 148 90
146 92 157 93
146 96 150 99
146 110 150 113
146 123 157 124
146 140 147 151
146 160 152 162
146 167 147 178
146 178 152 180
146 181 150 184
146 187 157 188
146 220 152 222
146 235 152 237
147 11 151 14
147 20 149 26
147 33 148 44
147 57 148 68
147 68 149 74
147 74 153 76
147 76 158 77
147 79 150 83
147 83 158 84
147 106 150 110
147 113 158 114
147 115 149 121
147 128 151 131
147 131 158 132
147 133 149 139
147 140 149 146
147 146 150 150
147 150 158 151
147 155 158 156
147 162 150 166
147 167 148 178
147 190 151 193
147 197 150 201
147 201 153 203
147 206 158 207
147 207 153 209
147 209 158 210
147 222 150 226
147 226 153 228
147 231 150 235
147 238 149 244
147 245 153 247
148 5 150 11
148 16 152 19
148 27 154 29
148 29 159 30
148 33 151 37
148 37 151 41
148 41 152 44
148 57 149 68
148 84 152 87
148 87 151 91
148 99 154 101
148 124 154 126
148 156 151 160
148 167 149 178
148 204 159 205
148 218 159 219
148 228 154 230
148 247 159 248
148 248 159 249
149 2 153 5
149 20 151 26
149 30 155 32
149 49 153 52
149 55 160 56
149 57 150 68
149 68 151 74
149 93 153 96
149 103 160 104
149 104 160 105
149 115 151 121
149 132 151 138
149 138 160 139
149 140 151 146
149 151 152 155
149 167 150 178
149 189 160 190
149 196 160 197
149 238 151 244
149 249 155 251
150 0 156 2
150 5 152 11
150 52 156 54
150 57 152 63
150 63 152 68
150 79 153 83
150 96 154 99
150 101 156 103
150 105 151 113
150 146 154 149
150 162 153 166
150 166 152 172
150 172 152 178
150 181 154 184
150 193 161 194
150 197 156 199
150 199 156 201
150 210 161 211
150 212 161 213
150 215 154 218
150 219 161 220
150 222 153 226
150 230 152 235
151 11 154 15
151 20 153 26
151 32 153 38
151 38 155 41
151 68 153 74
151 78 162 79
151 87 154 91
151 105 152 113
151 115 152 123
151 128 155 131
151 132 154 136
151 136 157 138
151 140 153 146
151 156 155 159
151 159 162 160
151 185 157 187
151 190 162 191
151 191 157 193
151 195 162 196
151 211 162 212
151 237 155 240
151 240 153 245
152 5 154 11
152 16 156 19
152 41 154 47
152 47 158 49
152 54 163 55
152 57 153 68
152 84 156 87
152 105 153 113
152 115 154 121
152 121 158 123
152 151 155 155
152 160 158 162
152 166 153 177
152 177 155 181
152 188 163 189
152 213 163 214
152 220 158 222
152 230 154 236
152 236 163 237
153 2 157 5
153 15 164 16
153 20 155 26
153 32 155 38
153 49 157 52
153 57 154 68
153 68 155 74
153 74 159 76
153 79 156 83
153 93 159 95
153 95 164 96
153 105 155 111
153 111 159 113
153 140 155 146
153 149 164 150
153 162 154 173
153 173 157 176
153 176 164 177
153 201 159 203
153 205 164 206
153 207 159 209
153 222 155 228
153 240 155 246
153 246 164 247
154 5 156 11
154 11 157 15
154 27 165 28
154 41 156 47
154 56 155 67
154 67 165 68
154 77 165 78
154 87 157 91
154 96 156 101
154 114 156 120
154 124 165 125
154 125 165 126
154 127 165 128
154 132 157 136
154 139 165 140
154 146 158 149
154 162 155 173
154 181 158 184
154 194 165 195
154 214 157 218
154 228 156 234
154 234 160 236
155 20 157 26
155 30 156 41
155 56 156 67
155 68 158 72
155 72 161 74
155 105 157 111
155 120 166 121
155 128 159 131
155 140 157 146
155 151 158 155
155 156 159 159
155 162 156 173
155 177 158 181
155 222 157 228
155 237 156 246
155 249 166 250
156 0 162 2
156 5 158 11
156 16 162 18
156 18 162 20
156 26 167 27
156 30 157 41
156 41 158 47
156 52 162 54
156 56 157 67
156 79 159 83
156 84 160 87
156 96 158 102
156 102 167 103
156 114 158 120
156 126 167 127
156 162 157 173
156 197 159 201
156 203 167 204
156 228 158 234
156 237 157 246
157 2 161 5
157 11 160 15
157 20 159 26
157 30 158 41
157 49 161 52
157 56 158 67
157 87 159 93
157 105 159 111
157 132 159 138
157 140 159 146
157 162 158 173
157 173 161 176
157 185 168 186
157 187 168 188
157 191 163 193
157 214 160 218
157 222 159 228
157 237 159 243
157 243 161 246
158 5 160 11
158 30 161 34
158 34 159 45
158 45 162 48
158 56 159 67
158 68 161 72
158 83 169 84
158 96 160 102
158 113 160 119
158 119 169 120
158 121 164 123
158 146 162 149
158 150 160 156
158 160 159 171
158 171 164 173
158 177 160 183
158 183 164 185
158 206 169 207
158 220 164 222
158 228 161 232
158 232 164 234
159 20 161 26
159 28 165 30
159 34 160 45
159 56 160 67
159 74 163 77
159 79 163 82
159 87 161 93
159 93 165 95
159 105 160 113
159 128 160 138
159 140 161 146
159 156 165 158
159 160 160 171
159 197 161 203
159 204 170 205
159 207 163 210
159 218 170 219
159 222 163 225
159 225 163 228
159 237 161 243
159 247 165 249
160 5 161 15
160 34 161 45
160 55 161 66
160 66 171 67
160 82 171 83
160 84 164 87
160 96 162 102
160 103 161 114
160 114 162 119
160 128 161 139
160 150 162 156
160 158 171 159
160 160 161 171
160 177 162 183
160 186 171 187
160 189 171 190
160 196 171 197
160 214 163 218
160 234 166 236
161 2 162 13
161 13 167 15
161 20 163 26
161 30 162 41
161 41 164 45
161 48 165 51
161 51 172 52
161 55 163 61
161 61 167 63
161 63 165 66
161 68 163 74
161 87 163 93
161 103 162 114
161 128 163 134
161 134 163 139
161 140 163 146
161 160 162 171
161 174 172 175
161 175 172 176
161 193 172 194
161 197 163 203
161 210 172 211
161 219 172 220
161 228 164 232
161 237 162 246
162 0 163 11
162 11 173 12
162 12 173 13
162 16 165 20
162 30 163 41
162 45 166 48
162 52 168 54
162 96 164 102
162 103 163 114
162 114 164 119
162 146 166 149
162 150 164 156
162 159 163 170
162 170 173 171
162 177 164 183
162 190 173 191
162 195 173 196
162 211 168 213
162 237 163 246
163 0 164 11
163 20 165 26
163 30 164 41
163 54 165 60
163 60 174 61
163 68 165 74
163 74 167 77
163 78 166 82
163 87 165 93
163 103 165 109
163 109 165 114
163 128 164 139
163 140 165 146
163 159 164 170
163 188 174 189
163 191 169 193
163 197 165 203
163 207 167 210
163 213 165 218
163 222 165 228
163 236 164 246
164 0 166 6
164 6 168 9
164 9 175 10
164 15 175 16
164 30 165 41
164 41 167 45
164 84 168 87
164 95 166 101
164 101 175 102
164 114 167 118
164 118 175 119
164 121 168 124
164 128 168 131
164 131 166 137
164 137 175 138
164 138 175 139
164 149 166 155
164 155 175 156
164 159 165 170
164 171 168 174
164 176 170 178
164 178 166 184
164 184 175 185
164 205 175 206
164 220 170 222
164 228 166 234
164 236 165 247
165 16 166 26
165 27 167 33
165 33 168 37
165 37 168 41
165 48 169 51
165 54 167 60
165 63 169 66
165 67 167 73
165 73 176 74
165 77 176 78
165 87 167 93
165 93 171 95
165 103 166 114
165 125 176 126
165 127 176 128
165 139 167 145
165 145 176 146
165 156 171 158
165 159 167 165
165 165 167 170
165 194 176 195
165 197 167 203
165 213 167 218
165 222 167 228
165 236 166 247
165 247 171 249
166 0 168 6
166 16 167 26
166 45 170 48
166 78 177 79
166 79 170 82
166 95 168 101
166 103 167 114
166 131 172 133
166 134 172 136
166 136 177 137
166 146 168 152
166 152 170 155
166 178 168 184
166 228 168 234
166 234 177 235
166 235 169 239
166 239 168 245
166 245 177 246
166 246 177 247
166 249 172 251
167 10 178 11
167 13 178 14
167 16 168 27
167 27 169 33
167 41 170 45
167 54 169 60
167 61 173 63
167 67 169 73
167 74 171 77
167 87 169 93
167 102 168 113
167 113 170 117
167 126 178 127
167 139 169 145
167 159 168 170
167 197 169 203
167 203 178 204
167 207 171 210
167 213 170 217
167 217 178 218
167 222 169 228
168 0 170 6
168 6 172 9
168 16 169 27
168 33 170 39
168 39 174 41
168 52 174 54
168 84 172 87
168 95 171 99
168 99 174 101
168 102 170 108
168 108 171 112
168 120 171 124
168 128 172 131
168 146 170 152
168 159 169 170
168 171 172 174
168 178 171 182
168 182 174 184
168 185 179 186
168 187 179 188
168 212 179 213
168 228 170 234
168 239 170 245
169 16 170 27
169 27 171 33
169 48 175 50
169 50 180 51
169 54 171 60
169 63 175 65
169 67 171 73
169 83 180 84
169 87 171 93
169 133 180 134
169 139 180 140
169 140 172 144
169 159 170 170
169 191 175 193
169 197 172 201
169 201 175 203
169 206 180 207
169 211 180 212
169 222 172 226
169 226 175 228
169 235 172 239
170 0 174 3
170 3 176 5
170 16 171 27
170 33 172 39
170 41 172 47
170 47 181 48
170 79 174 82
170 102 172 108
170 112 172 118
170 144 181 145
170 146 171 155
170 159 173 163
170 163 172 169
170 176 176 178
170 204 181 205
170 213 173 217
170 218 181 219
170 220 176 222
170 228 172 234
170 239 172 245
171 16 172 27
171 27 173 33
171 54 173 60
171 65 172 73
171 74 175 77
171 82 182 83
171 87 172 98
171 98 182 99
171 108 174 112
171 119 173 125
171 146 172 155
171 156 175 159
171 169 182 170
171 178 174 182
171 186 182 187
171 189 182 190
171 196 182 197
171 207 175 210
171 248 182 249
172 5 175 9
172 14 183 15
172 16 173 27
172 33 174 39
172 41 174 47
172 51 183 52
172 65 174 71
172 71 178 73
172 84 174 90
172 90 173 98
172 102 174 108
172 112 174 118
172 128 174 133
172 134 178 136
172 140 175 144
172 146 173 155
172 163 178 165
172 165 175 169
172 171 175 175
172 193 183 194
172 197 175 201
172 219 183 220
172 222 176 225
172 228 174 234
172 235 178 237
172 237 174 243
172 243 178 245
172 247 183 248
172 249 178 251
173 11 179 13
173 16 174 27
173 27 175 33
173 54 175 60
173 61 179 63
173 90 175 96
173 96 179 98
173 119 175 125
173 146 174 155
173 159 176 163
173 190 184 191
173 195 184 196
173 213 176 217
174 0 180 2
174 2 185 3
174 16 175 27
174 33 175 44
174 44 178 47
174 52 180 54
174 60 185 61
174 65 176 71
174 79 178 82
174 84 176 90
174 99 180 101
174 102 175 113
174 113 176 118
174 128 177 132
174 146 175 155
174 178 176 184
174 188 185 189
174 228 176 234
174 237 177 241
174 241 180 243
175 5 177 10
175 15 176 26
175 26 176 37
175 37 178 41
175 41 179 44
175 54 177 60
175 63 181 65
175 74 179 77
175 90 178 94
175 94 181 96
175 101 176 112
175 118 181 120
175 120 178 124
175 140 178 144
175 146 177 152
175 152 177 158
175 165 178 169
175 170 177 176
175 191 181 193
175 197 177 203
175 205 186 206
175 207 178 211
175 225 181 227
176 3 182 5
176 15 177 26
176 26 177 37
176 65 178 71
176 73 187 74
176 77 187 78
176 84 178 90
176 101 177 112
176 112 178 118
176 124 182 126
176 127 187 128
176 137 182 139
176 145 187 146
176 158 178 163
176 176 177 185
176 194 187 195
176 213 179 217
176 220 178 225
176 227 178 233
177 5 179 10
177 15 178 26
177 26 178 37
177 48 188 49
177 54 179 60
177 78 188 79
177 101 178 112
177 128 179 133
177 136 188 137
177 146 178 157
177 157 188 158
177 170 178 181
177 181 180 185
177 197 179 203
177 233 183 235
177 237 180 241
177 245 183 247
178 10 189 11
178 13 189 14
178 15 179 26
178 26 179 37
178 37 181 41
178 45 189 46
178 46 189 47
178 49 189 50
178 65 180 71
178 71 184 73
178 79 182 82
178 84 179 94
178 101 180 107
178 107 179 118
178 120 181 124
178 126 189 127
178 134 189 135
178 140 181 144
178 146 179 157
178 158 181 162
178 162 180 168
178 168 189 169
178 170 179 181
178 203 189 204
178 207 181 211
178 217 189 218
178 220 180 225
178 227 180 233
178 235 184 237
178 243 184 245
178 249 189 250
179 5 181 10
179 11 185 13
179 15 180 26
179 26 180 37
179 41 182 45
179 54 181 60
179 61 185 63
179 74 183 77
179 84 180 94
179 96 185 98
179 107 180 118
179 128 181 133
179 146 180 157
179 170 180 181
179 185 190 186
179 187 190 188
179 197 183 200
179 200 183 203
179 212 181 217
180 0 186 2
180 15 181 26
180 26 181 37
180 50 191 51
180 52 186 54
180 65 182 71
180 83 181 94
180 99 182 105
180 105 181 116
180 116 186 118
180 135 191 136
180 139 191 140
180 146 182 152
180 152 186 154
180 154 184 157
180 162 182 168
180 170 181 181
180 181 183 185
180 206 191 207
180 211 191 212
180 220 183 224
180 224 191 225
180 227 182 233
180 237 182 243
181 5 183 10
181 15 182 26
181 26 182 37
181 37 184 41
181 54 183 60
181 63 187 65
181 83 183 89
181 89 183 95
181 105 182 116
181 118 183 124
181 128 183 134
181 140 183 145
181 158 184 162
181 170 182 181
181 191 187 193
181 204 192 205
181 207 192 208
181 209 187 211
181 212 184 216
181 216 192 217
182 3 193 4
182 4 193 5
182 15 183 26
182 26 183 37
182 41 185 45
182 66 186 69
182 69 193 70
182 79 185 83
182 98 183 109
182 109 184 115
182 115 193 116
182 124 188 126
182 137 188 139
182 146 184 152
182 162 184 168
182 169 184 175
182 175 184 181
182 186 193 187
182 189 193 190
182 196 193 197
182 208 193 209
182 218 193 219
182 225 184 231
182 231 188 233
182 237 184 243
182 248 193 249
183 5 185 10
183 14 184 25
183 25 184 36
183 51 194 52
183 54 185 60
183 74 187 77
183 83 185 89
183 89 185 95
183 98 184 109
183 118 185 124
183 128 186 132
183 140 185 145
183 181 186 185
183 193 194 194
183 197 185 203
183 219 185 224
183 233 189 235
183 245 187 248
184 14 185 25
184 25 185 36
184 36 186 41
184 70 188 73
184 95 195 96
184 98 185 109
184 109 186 115
184 132 195 133
184 146 186 152
184 154 188 157
184 158 185 168
184 169 185 180
184 180 195 181
184 190 195 191
184 195 195 196
184 212 187 216
184 225 186 231
184 235 185 245
185 5 188 9
185 9 196 10
185 11 191 13
185 14 186 25
185 25 186 36
185 41 188 45
185 54 187 60
185 60 196 61
185 62 196 63
185 79 187 85
185 85 186 95
185 96 186 107
185 107 191 109
185 118 187 124
185 133 196 134
185 140 187 145
185 158 186 168
185 169 186 180
185 188 196 189
185 197 187 203
185 219 188 223
185 235 186 245
186 0 190 3
186 14 187 25
186 25 187 36
186 36 188 41
186 47 197 48
186 52 192 54
186 61 197 62
186 65 189 69
186 85 187 95
186 96 187 107
186 109 188 115
186 116 192 118
186 128 189 132
186 146 187 154
186 158 188 164
186 164 189 168
186 169 187 180
186 181 189 185
186 205 197 206
186 223 197 224
186 225 188 231
186 235 187 245
187 14 188 25
187 25 188 36
187 54 190 58
187 58 193 60
187 63 198 64
187 64 198 65
187 73 189 78
187 79 188 90
187 90 191 93
187 93 193 95
187 96 188 107
187 118 189 124
187 127 198 128
187 140 188 151
187 151 191 154
187 169 188 180
187 191 193 193
187 197 189 203
187 209 193 211
187 212 190 216
187 235 188 246
187 246 193 248
188 5 191 9
188 14 189 25
188 25 189 36
188 36 189 45
188 48 199 49
188 70 192 73
188 78 189 89
188 89 199 90
188 96 189 107
188 109 190 115
188 124 194 126
188 136 192 139
188 140 189 151
188 154 189 164
188 169 189 180
188 219 191 223
188 225 189 233
188 235 189 246
189 10 200 11
189 13 190 24
189 24 190 35
189 35 195 37
189 37 195 39
189 39 191 45
189 45 195 47
189 49 200 50
189 65 193 68
189 73 190 84
189 84 193 87
189 87 195 89
189 96 191 102
189 102 191 107
189 118 191 124
189 126 200 127
189 128 192 132
189 140 190 151
189 154 190 165
189 165 190 176
189 176 192 180
189 181 192 185
189 197 191 203
189 203 200 204
189 217 200 218
189 225 190 236
189 236 190 246
189 249 200 250
190 0 194 3
190 13 191 24
190 24 192 30
190 30 193 34
190 34 201 35
190 54 193 58
190 73 191 84
190 109 193 113
190 113 196 115
190 134 201 135
190 140 191 151
190 154 193 158
190 158 192 164
190 164 191 175
190 175 201 176
190 185 201 186
190 187 201 188
190 212 193 216
190 225 191 236
190 236 191 246
191 5 194 9
191 11 193 17
191 17 193 23
191 23 202 24
191 39 193 45
191 73 192 84
191 90 195 93
191 96 192 107
191 107 202 108
191 108 202 109
191 118 193 124
191 135 202 136
191 139 192 150
191 150 194 154
191 164 192 175
191 197 193 203
191 206 202 207
191 211 202 212
191 219 195 222
191 224 192 235
191 235 193 241
191 241 195 244
191 244 197 246
192 24 194 30
192 52 198 54
192 70 195 74
192 74 193 84
192 96 193 107
192 116 203 117
192 128 195 132
192 136 194 142
192 142 193 150
192 158 193 169
192 169 195 173
192 173 198 175
192 176 195 180
192 181 195 185
192 204 203 205
192 207 203 208
192 216 203 217
192 224 193 235
193 3 199 5
193 11 195 17
193 17 197 20
193 20 199 22
193 22 204 23
193 30 196 34
193 39 197 42
193 42 197 45
193 54 195 60
193 65 195 70
193 74 194 85
193 85 204 86
193 86 204 87
193 93 199 95
193 96 194 107
193 109 196 113
193 115 204 116
193 117 195 123
193 142 195 148
193 148 199 150
193 154 194 165
193 165 196 169
193 186 204 187
193 191 204 192
193 192 204 193
193 196 195 202
193 202 204 203
193 208 197 211
193 212 196 216
193 224 195 230
193 230 194 241
193 246 197 249
194 0 198 3
194 5 197 9
194 24 196 30
194 50 200 52
194 74 195 85
194 96 195 107
194 136 196 142
194 150 195 161
194 161 200 163
194 163 200 165
194 193 200 195
194 230 195 241
195 11 197 17
195 35 198 39
195 45 201 47
195 54 197 60
195 65 196 76
195 76 197 82
195 82 201 84
195 84 206 85
195 87 201 89
195 90 199 93
195 95 197 101
195 101 197 107
195 117 197 123
195 128 197 133
195 142 197 148
195 150 196 161
195 169 198 173
195 176 198 180
195 180 197 185
195 189 201 191
195 195 197 201
195 218 198 222
195 224 196 235
195 235 196 244
196 24 197 34
196 65 197 76
196 109 198 115
196 123 200 126
196 136 198 142
196 150 197 161
196 165 199 169
196 212 199 216
196 224 197 235
196 235 197 244
197 5 199 10
197 11 198 20
197 24 200 28
197 28 199 34
197 39 199 45
197 54 199 60
197 60 201 63
197 65 199 71
197 71 198 82
197 95 198 106
197 117 200 121
197 128 199 134
197 150 198 161
197 180 200 184
197 195 199 201
197 208 201 211
197 222 198 233
197 233 198 244
197 244 199 249
198 11 200 17
198 17 202 20
198 71 200 77
198 77 201 81
198 95 199 106
198 109 200 115
198 136 199 147
198 150 199 161
198 169 201 173
198 218 199 229
198 229 199 240
198 240 201 244
199 0 201 6
199 28 201 34
199 35 200 45
199 52 200 60
199 63 200 71
199 89 200 100
199 136 200 147
199 147 200 158
199 218 200 229
199 229 200 240
